Task 5: Evaluation of Translation Models

Alignment Model: 1K
     |   1   |   2   |   3    |
-------------------------------
s01  | 0.3846  0.2532    0
s02  | 0.2822    0       0
s03  | 0.5455    0       0
s04  | 0.5455  0.2335    0
s05  | 0.3791  0.2563    0
s06  | 0.3750  0.3273  0.2614
s07  | 0.4000  0.2108    0
s08  | 0.1839  0.1502    0
s09  | 0.3293  0.2126    0
s10  | 0.3715    0       0
s11  | 0.6364  0.2523  0.1919
s12  | 0.3000    0       0
s13  | 0.0716    0       0
s14  | 0.6154  0.2265    0
s15  | 0.3562    0       0
s16  | 0.4444  0.2357    0
s17  | 0.3715  0.2317    0
s18  | 0.6250  0.5000  0.4149
s19  | 0.2173  0.1374    0
s20  | 0.4286    0       0
s21  | 0.2195  0.1735    0
s22  | 0.4044  0.2215    0
s23  | 0.3527  0.1647    0
s24  | 0.5714  0.3631  0.2223
s25  |   0       0       0

Alignment Model: 10K
     |   1   |   2   |   3    |
-------------------------------
s01  | 0.4286  0.1816    0
s02  | 0.4286    0       0
s03  | 0.7273  0.2697    0
s04  | 0.5833  0.3257  0.2197
s05  | 0.5731  0.3229    0
s06  | 0.3750  0.3273  0.2614
s07  | 0.5455  0.3303  0.2297
s08  | 0.3583  0.3204  0.3326
s09  | 0.3293  0.2126    0
s10  | 0.5000  0.3780  0.2877
s11  | 0.6364  0.2523  0.1919
s12  | 0.3636     0      0
s13  | 0.1797     0      0
s14  | 0.5625  0.1936    0
s15  | 0.5306  0.2974    0
s16  | 0.5000  0.4082  0.3467
s17  | 0.3715  0.2317    0
s18  | 0.6875  0.5244  0.4283
s19  | 0.5155  0.3182    0
s20  | 0.3750  0.3273  0.2614
s21  | 0.4777  0.4532  0.4190
s22  | 0.6619  0.5003  0.4191
s23  | 0.5643  0.2947    0
s24  | 0.6667  0.4364  0.3083
s25  |    0       0      0

Alignment Model: 15K
     |   1   |   2   |   3    |
-------------------------------
s01  |  0.5    0.1961     0
s02  | 0.2857    0        0
s03  | 0.6364  0.2697     0
s04  | 0.5833  0.3257  0.2197
s05  | 0.5731  0.3229     0
s06  | 0.5000  0.3780  0.2877 
s07  | 0.5455  0.3303  0.2297
s08  | 0.3583  0.3204  0.3326
s09  | 0.1194    0        0
s10  | 0.5000  0.4629  0.4149
s11  | 0.4545  0.2132  0.1716
s12  | 0.3636    0        0
s13  | 0.1797    0        0
s14  | 0.6250  0.2041     0
s15  | 0.6064  0.3894     0
s16  | 0.5000  0.4082  0.3467
s17  | 0.3750  0.2315     0
s18  | 0.7500  0.5916  0.5000
s19  | 0.5155  0.3182     0
s20  | 0.5000  0.3780  0.3625
s21  | 0.4777  0.4532  0.4190
s22  | 0.6619  0.5003  0.4191
s23  | 0.5643  0.2947     0
s24  | 0.6667  0.4364  0.3083
s25  | 0.3333  0.2582     0

Alignment Model: 30K
     |   1   |   2   |   3    |
-------------------------------
s01  |  0.5    0.1961     0
s02  | 0.2857    0        0
s03  | 0.4545    0        0
s04  | 0.5833  0.3257  0.2197
s05  | 0.4912  0.2990     0
s06  | 0.5000  0.3780  0.2877
s07  | 0.5455  0.3303  0.2297
s08  | 0.4777  0.5233  0.5811
s09  | 0.3583  0.2266     0
s10  | 0.5000  0.4629  0.4149
s11  | 0.5455  0.2335  0.1823
s12  | 0.3636    0        0
s13  | 0.2147    0        0
s14  | 0.6875  0.3028     0
s15  | 0.6064  0.3894     0
s16  | 0.4000    0        0
s17  | 0.5000  0.3780  0.2877
s18  | 0.8125  0.6982  0.6531
s19  | 0.5338  0.3269     0
s20  | 0.5000  0.3780  0.3625
s21  | 0.4777  0.4532  0.4190
s22  | 0.6619  0.5003  0.4191
s23  | 0.5643  0.2947     0
s24  | 0.6000  0.4140  0.2363
s25  |   0       0        0


 --------------------
| Summary of Results |
 --------------------




